#k [h/Mpc]	B(k,z=0.000000)
0.008731	0.994564
0.015004	0.992093
0.021372	0.989953
0.027791	0.988578
0.034296	0.986701
0.040449	0.986290
0.046731	0.981746
0.053055	0.984301
0.059424	0.980100
0.065738	0.984013
0.071945	0.975052
0.078258	0.971352
0.084683	0.988015
0.090952	0.993042
0.097191	1.010675
0.103462	1.032316
0.109742	1.024105
0.116041	1.017158
0.122353	1.017767
0.128669	1.016987
0.134938	1.019359
0.141183	1.039646
0.147502	1.064816
0.153777	1.064793
0.160055	1.095542
0.166389	1.130586
0.172710	1.133495
0.178968	1.153335
0.185226	1.138338
0.191473	1.140638
0.197780	1.142577
0.204086	1.165004
0.210386	1.173469
0.216683	1.230175
0.222963	1.259203
0.229255	1.294725
0.235507	1.314447
0.241784	1.312693
0.248079	1.310704
0.254343	1.333044
0.260627	1.328550
0.266920	1.360547
0.273236	1.371244
0.279547	1.413888
0.285831	1.450689
0.292082	1.484560
0.298339	1.492697
0.304633	1.528150
0.310923	1.544454
0.317212	1.540589
0.323514	1.575979
0.329812	1.576810
0.336113	1.603733
0.342365	1.647737
0.348643	1.686740
0.354937	1.719090
0.361187	1.749844
0.367472	1.766492
0.373760	1.789525
0.380061	1.809515
0.386350	1.843475
0.392610	1.862298
0.398922	1.891404
0.405203	1.920962
0.411488	1.948332
0.417778	1.985014
0.424036	2.010983
0.430339	2.038107
0.436632	2.055037
0.442896	2.110886
0.449160	2.136203
0.455438	2.140731
0.461760	2.203571
0.468061	2.216110
0.474345	2.254600
0.480632	2.278669
0.486899	2.318141
0.493166	2.333501
0.499447	2.387156
0.505713	2.405675
0.511989	2.439195
0.518309	2.486033
0.524606	2.518257
0.530873	2.564689
0.537154	2.588043
0.543455	2.631382
0.549740	2.654335
0.555991	2.695602
0.562282	2.736211
0.568598	2.774558
0.574878	2.794981
0.581152	2.842497
0.587437	2.870934
0.593715	2.900107
0.599994	2.946668
0.606265	2.967847
0.612544	3.018652
0.618845	3.082658
0.625128	3.105537
0.631400	3.154587
0.637698	3.177926
0.643983	3.218416
0.650266	3.242117
0.656556	3.291662
0.662834	3.337295
0.669116	3.390053
0.675405	3.433112
0.681681	3.451910
0.687957	3.492517
0.694232	3.530716
0.700515	3.576795
0.706810	3.602487
0.713100	3.654413
0.719390	3.715109
0.725681	3.741102
0.731963	3.779630
0.738249	3.826157
0.744524	3.868282
0.750785	3.907248
0.757074	3.986770
0.763362	3.986285
0.769644	4.038273
0.775937	4.076096
0.782231	4.121895
0.788529	4.174256
0.794788	4.227821
0.801047	4.255004
0.807334	4.322512
0.813621	4.336268
0.819913	4.394164
0.826193	4.430493
0.832488	4.490883
0.838794	4.537065
0.845062	4.574594
0.851326	4.627488
0.857618	4.662598
0.863904	4.705842
0.870182	4.754139
0.876462	4.801500
0.882749	4.863123
0.889031	4.892577
0.895307	4.942811
0.901594	4.988054
0.907882	5.019163
0.914173	5.059365
0.920461	5.125913
0.926742	5.170960
0.933031	5.205481
0.939325	5.273169
0.945596	5.314807
0.951864	5.359608
0.958140	5.404580
0.964433	5.452349
0.970734	5.500398
0.977006	5.550412
0.983281	5.602747
0.989555	5.653912
0.995844	5.694940
1.002130	5.729533
1.008400	5.780534
1.014690	5.822296
1.020990	5.876992
1.027270	5.930848
1.033560	5.996534
1.039850	6.046266
1.046130	6.075215
1.052400	6.118905
1.058680	6.171223
1.064960	6.223163
1.071260	6.259687
1.077540	6.318946
1.083820	6.360617
1.090110	6.412284
1.096390	6.463828
1.102680	6.528928
1.108960	6.561480
1.115220	6.613439
1.121500	6.655144
1.127790	6.714513
1.134090	6.747777
1.140360	6.809874
1.146640	6.844289
1.152940	6.911352
1.159230	6.957821
1.165510	7.010234
1.171790	7.068636
1.178090	7.104886
1.184370	7.154047
1.190630	7.221235
1.196910	7.251822
1.203200	7.308152
1.209490	7.362521
1.215760	7.400976
1.222050	7.445885
1.228340	7.509069
1.234630	7.551151
1.240900	7.603604
1.247170	7.646832
1.253460	7.705329
1.259750	7.746146
1.266030	7.816003
1.272320	7.849352
1.278600	7.932329
1.284890	7.963702
1.291170	8.016074
1.297460	8.039414
1.303740	8.105738
1.310020	8.158351
1.316300	8.207403
1.322590	8.253242
1.328860	8.298434
1.335140	8.365737
1.341440	8.401654
1.347730	8.453657
1.354000	8.494373
1.360280	8.549271
1.366560	8.623478
1.372850	8.646473
1.379130	8.704470
1.385410	8.769183
1.391700	8.802295
1.401140	8.873295
1.410550	8.941971
1.416840	8.993648
1.423120	9.046761
1.429400	9.083721
1.435690	9.156831
1.441980	9.197361
1.448250	9.246973
1.454530	9.278824
1.463980	9.371011
1.473390	9.432433
1.479670	9.469718
1.485960	9.516697
1.492230	9.585754
1.498500	9.646890
1.504780	9.668530
1.514230	9.760901
1.523650	9.828192
1.529940	9.884329
1.536230	9.922770
1.542510	9.981555
1.551950	10.063750
1.561360	10.122900
1.567630	10.165863
1.573910	10.218058
1.580200	10.262904
1.589630	10.333402
1.599050	10.421892
1.605340	10.475010
1.611620	10.503074
1.621050	10.580662
1.630460	10.642103
1.636750	10.702324
1.643030	10.746773
1.652470	10.831347
1.661880	10.892975
1.668170	10.937212
1.677600	11.012214
1.687010	11.084044
1.693310	11.143307
1.702750	11.208066
1.712150	11.282548
1.718440	11.314920
1.727870	11.391232
1.737290	11.459912
1.743570	11.503845
1.752990	11.583925
1.762410	11.662955
1.768700	11.705925
1.778140	11.780979
1.787550	11.838430
1.796970	11.913221
1.806390	11.982788
1.812670	12.041165
1.822100	12.105481
1.831530	12.170442
1.840970	12.237748
1.850380	12.321887
1.856670	12.350044
1.866100	12.434201
1.875520	12.505810
1.884950	12.567440
1.894350	12.636403
1.903790	12.715810
1.913210	12.778368
1.922630	12.843788
1.932060	12.903907
1.941500	12.975374
1.950910	13.047811
1.960340	13.114046
1.969760	13.180109
1.979200	13.247859
1.988620	13.334636
1.998040	13.387111
2.007460	13.463950
2.016890	13.518812
2.029460	13.608933
2.038870	13.683674
2.048300	13.747927
2.057730	13.795768
2.067170	13.884267
2.079730	13.966203
2.089130	14.037915
2.098560	14.106193
2.107990	14.159705
2.117420	14.231777
2.129990	14.314914
2.139410	14.382663
2.148840	14.446116
2.161400	14.522820
2.170830	14.599101
2.180260	14.671771
2.192820	14.757616
2.205390	14.825283
2.214800	14.894699
2.224230	14.966410
2.236800	15.054212
2.246220	15.110367
2.255650	15.175934
2.268210	15.261256
2.280780	15.352181
2.290200	15.411259
2.299630	15.482123
2.312190	15.551501
2.324770	15.634923
2.337340	15.728427
2.346760	15.800644
2.356190	15.848474
2.368760	15.942298
2.381320	16.017135
2.393880	16.108550
2.406450	16.181470
2.419020	16.265100
2.428440	16.330297
2.437860	16.384252
2.450430	16.468294
2.463000	16.557808
2.475560	16.624052
2.488130	16.704702
2.500700	16.789532
2.513260	16.880627
2.525830	16.952324
2.538400	17.030299
2.550960	17.117677
2.563530	17.199017
2.576100	17.276977
2.588660	17.357554
2.601220	17.441213
2.613790	17.514882
2.626360	17.585820
2.638930	17.673848
2.651500	17.744823
2.664060	17.830270
2.676630	17.907842
2.689200	17.980880
2.701760	18.059430
2.714320	18.137611
2.730040	18.231598
2.745740	18.333724
2.758320	18.403133
2.770880	18.483993
2.783440	18.557844
2.796010	18.640827
2.808580	18.716996
2.824300	18.801155
2.839990	18.904456
2.852560	18.970580
2.865130	19.054347
2.877690	19.130423
2.893410	19.220663
2.909110	19.302915
2.921680	19.390900
2.937390	19.483132
2.953090	19.569279
2.965650	19.649184
2.978220	19.722124
2.993940	19.807702
3.009630	19.899383
3.022200	19.974051
3.037920	20.072446
3.053620	20.162207
3.069340	20.253753
3.085040	20.342576
3.097610	20.417510
3.113320	20.505997
3.129020	20.591309
3.144730	20.679857
3.160430	20.766686
3.176150	20.861023
3.191850	20.950749
3.204410	21.022095
3.220130	21.107660
3.235840	21.193992
3.251550	21.284700
3.270400	21.395236
3.286100	21.476104
3.301810	21.567954
3.317510	21.652612
3.333230	21.732858
3.348930	21.827533
3.364650	21.903434
3.383500	22.016056
3.399200	22.096876
3.414910	22.191887
3.433760	22.287488
3.449470	22.372396
3.465180	22.451842
3.484020	22.564335
3.499720	22.645446
3.515440	22.725091
3.534290	22.832630
3.553140	22.928069
3.568840	23.025002
3.584560	23.100415
3.603400	23.199408
3.622250	23.302189
3.641110	23.393348
3.656810	23.486032
3.672530	23.559192
3.691370	23.659843
3.710220	23.755889
3.729070	23.858299
3.747920	23.961229
3.766770	24.049313
3.785620	24.146596
3.804470	24.248671
3.823320	24.338292
3.839020	24.429031
3.854740	24.505255
3.873580	24.603922
3.895580	24.711257
3.917570	24.822341
3.936420	24.918775
3.955270	25.013993
3.974110	25.116415
3.992960	25.208075
4.011810	25.299742
4.030660	25.392552
4.049510	25.484375
4.068360	25.581091
4.090360	25.688609
4.112350	25.799537
4.131200	25.884381
4.150040	25.976797
4.168890	26.069379
4.190890	26.177009
4.212870	26.283279
4.231720	26.378089
4.250570	26.471306
4.272570	26.574692
4.294550	26.679990
4.313400	26.774042
4.335410	26.880740
4.357390	26.987149
4.379390	27.090396
4.401370	27.194168
4.420220	27.286785
4.442220	27.390533
4.464200	27.494434
4.486200	27.596279
4.508190	27.703065
4.530180	27.804493
4.552170	27.899422
4.574170	28.003757
4.596150	28.108854
4.618150	28.213484
4.643280	28.329585
4.665270	28.433301
4.687270	28.533241
4.712400	28.642068
4.734380	28.749511
4.756380	28.846769
4.781510	28.960547
4.803500	29.056620
4.825500	29.156899
4.850630	29.267142
4.875760	29.382465
4.897740	29.483351
4.919740	29.580622
4.944870	29.688159
4.970010	29.803728
4.995140	29.914104
5.020270	30.024548
5.045400	30.138969
5.070530	30.246845
5.095660	30.358663
5.117650	30.453189
5.139650	30.548256
5.164790	30.661059
5.193070	30.780680
5.221330	30.901470
5.246460	31.010349
5.271600	31.117892
5.296730	31.225282
5.321860	31.337483
5.347000	31.440755
5.372130	31.549352
5.397260	31.653498
5.425550	31.773030
5.453810	31.889448
5.478950	31.998898
5.504080	32.101352
5.532360	32.218915
5.560630	32.338706
5.585760	32.442490
5.614040	32.559992
5.642310	32.673306
5.667440	32.779613
5.695730	32.892612
5.723990	33.008973
5.752270	33.123686
5.780530	33.233260
5.808810	33.351842
5.837090	33.462557
5.865370	33.576921
5.893630	33.695759
5.921920	33.805974
5.953330	33.931292
5.981600	34.047414
6.009880	34.157281
6.041290	34.282722
6.069560	34.390659
6.097840	34.501965
6.129260	34.627270
6.160670	34.747852
6.188940	34.858105
6.217220	34.968068
6.248640	35.088956
6.280060	35.210226
6.311470	35.329090
6.342890	35.449769
6.374300	35.569268
6.405720	35.688845
6.437140	35.809513
6.468550	35.928151
6.499970	36.047302
6.531380	36.165612
6.562800	36.283974
6.594220	36.402649
6.625630	36.519836
6.657050	36.634593
6.688460	36.750923
6.723030	36.876391
6.757580	37.006322
6.789000	37.120789
6.820410	37.232171
6.854980	37.359995
6.889520	37.483220
6.924090	37.608150
6.958640	37.733287
6.990060	37.845134
7.024610	37.967948
7.059170	38.091287
7.093740	38.212284
7.128290	38.334239
7.162850	38.456959
7.197400	38.582411
7.231960	38.699292
7.269660	38.829072
7.304210	38.952458
7.338780	39.072687
7.376480	39.200900
7.414180	39.333571
7.448730	39.450844
7.483290	39.567634
7.520990	39.695786
7.558690	39.823480
7.596390	39.951285
7.634090	40.079218
7.671790	40.207248
7.709480	40.331840
7.747180	40.459450
7.784880	40.583904
7.822580	40.710121
7.860280	40.834039
7.897980	40.957688
7.935680	41.080516
7.973380	41.204953
8.011080	41.328146
8.051930	41.460384
8.092760	41.590511
8.130460	41.712345
8.171300	41.842602
8.212140	41.976601
8.249840	42.095249
8.290690	42.224049
8.331520	42.353026
8.372370	42.485817
8.413200	42.611480
8.454050	42.738887
8.494880	42.865945
8.535730	42.992474
8.579710	43.127577
8.620540	43.253402
8.661390	43.379480
8.705370	43.514256
8.749360	43.648920
8.790190	43.770842
8.831040	43.894757
8.875020	44.028689
8.919000	44.159527
8.962990	44.291538
9.006970	44.423473
9.050950	44.553975
9.094930	44.684502
9.138920	44.812962
9.182900	44.941295
9.230030	45.079577
9.277140	45.216009
9.321130	45.344484
9.365110	45.471172
9.409090	45.596671
